99989
99963
99924
99903
99567
99420
99249
99216
99206
99134
99034
99018
99016
98946
98890
98883
98835
98490
98255
98159
98104
98090
98062
98053
97962
97834
97810
97801
97722
97642
97635
97635
97440
97252
97143
96965
96913
96898
96880
96835
96807
96661
96647
96424
96382
96288
96167
96079
95900
95746
95732
95672
95483
95280
95272
95266
95260
95183
95119
95042
94999
94843
94753
94552
94440
94409
94336
94280
94268
94202
94162
94041
93930
93829
93811
93801
93752
93643
93618
93570
93516
93244
93056
93041
93022
92942
92830
92746
92725
92689
92616
92505
92427
92322
92194
92160
92132
91812
91706
91649
91457
91451
91403
91349
91282
91242
91229
91205
90764
90754
90664
90561
90529
90436
90352
90175
90171
90018
89991
89935
89902
89676
89420
89397
89350
89270
89205
89141
89135
89114
89059
88994
88857
88635
88605
88530
88437
88399
88362
88276
88258
88217
88194
88114
88046
87856
87833
87772
87654
87650
87366
87300
87003
86904
86896
86818
86677
86597
86503
86408
86397
86279
86208
86153
86128
85996
85979
85833
85832
85585
85567
85522
85358
85099
85056
85014
84930
84909
84907
84674
84673
84638
84559
84524
84522
84320
84116
84035
84012
83972
83964
83962
83930
83919
83906
83904
83697
83659
83533
83518
83347
83331
83279
83267
83216
83102
83008
82855
82780
82779
82668
82534
82279
82178
82058
81935
81900
81883
81749
81657
81459
81440
81333
81279
81274
81260
81234
81211
81197
81157
80998
80984
80720
80627
80557
80522
80481
80436
80352
80279
80252
80249
80157
79792
79684
79614
79584
79581
79521
79502
79465
79412
79339
79289
79251
79241
79193
79163
79010
79004
78769
78768
78669
78553
78456
78357
78318
78306
78250
78204
78183
78161
78108
78035
77682
77677
77674
77672
77650
77496
77423
77305
77303
77288
77137
77112
77108
77020
76775
76719
76614
76473
76382
76350
76347
76315
76295
76268
76232
76179
76026
76006
76005
75997
75952
75936
75919
75868
75702
75625
75609
75508
75402
75257
75159
75126
75094
74929
74725
74685
74669
74548
74483
74465
74431
74315
74297
74195
74169
74109
74081
73925
73913
73737
73691
73664
73648
73520
73494
73464
73397
73337
72912
72884
72832
72742
72682
72601
72595
72546
72204
72141
72112
72101
72026
71835
71548
71349
71335
71200
71150
71046
70934
70851
70781
70686
70655
70521
70499
70435
70339
70234
70211
70201
70169
70062
69942
69875
69686
69660
69582
69580
69536
69511
69503
69465
69436
69388
69340
69291
69261
69061
68896
68848
68771
68697
68692
68329
68269
68239
68167
68157
68155
67737
67544
67518
67515
67443
67425
67194
67045
66994
66954
66944
66914
66786
66759
66756
66735
66686
66684
66553
66365
66068
66013
65995
65861
65769
65510
65502
65462
65392
65238
65191
65053
65043
64951
64878
64748
64721
64606
64604
64480
64444
64364
64335
64286
64270
64263
64239
64208
64096
63911
63782
63723
63644
63644
63320
63184
62983
62848
62674
62664
62580
62484
62400
62261
62251
62201
62137
62128
61921
61633
61611
61577
61469
61216
61122
61067
60943
60915
60909
60896
60784
60780
60596
60578
60499
60438
60376
60260
60202
60092
60005
59628
59624
59575
59572
59566
59489
59459
59415
59402
59381
59325
59323
59319
59277
59119
58852
58752
58701
58643
58627
58597
58509
58229
58169
58100
57972
57970
57964
57950
57898
57898
57819
57711
57691
57564
57507
57500
57469
57444
57408
57374
57350
57095
57007
56911
56821
56719
56695
56538
56480
56348
56235
56234
56174
56142
56113
56089
56076
56061
56046
55946
55906
55877
55874
55871
55870
55855
55798
55728
55713
55670
55575
55478
55429
55234
55135
55129
55098
55023
54861
54829
54739
54657
54649
54609
54553
54549
54455
54440
54364
54352
54311
54255
54198
54175
53934
53863
53817
53672
53668
53653
53623
53600
53523
53498
53279
53222
53167
53122
53113
53097
52925
52785
52662
52587
52480
52462
52441
52278
52103
52074
51991
51941
51814
51788
51761
51720
51683
51246
51245
51232
51207
51189
51118
51054
50979
50951
50931
50913
50794
50774
50719
50708
50706
50636
50479
50477
50368
50355
50263
50227
50151
50118
50019
49879
49803
49744
49743
49705
49634
49581
49295
49152
49087
48996
48983
48958
48876
48662
48624
48619
48450
48314
48262
48183
48107
47848
47773
47663
47593
47590
47479
47228
47157
47085
47021
47016
46986
46953
46779
46704
46702
46671
46448
46376
46325
46186
46183
46106
46033
45971
45926
45900
45736
45670
45656
45555
45542
45471
45435
45416
45370
45344
45289
45254
45142
45011
44894
44840
44645
44465
44461
44453
44433
44374
44374
44362
44086
44030
44028
43948
43902
43899
43806
43783
43773
43644
43609
43491
43320
43289
43241
43161
43149
43041
42996
42954
42908
42783
42700
42693
42639
42625
42553
42514
42429
42401
42384
42336
42318
42311
42295
42267
42183
42178
42127
42083
42046
42033
42022
41956
41830
41817
41808
41730
41712
41679
41587
41567
41491
41292
41249
41150
41145
40969
40958
40873
40824
40676
40653
40551
40508
40504
40335
40316
40288
40190
40155
40139
40052
40021
39954
39771
39749
39744
39530
39361
39349
39204
39108
39051
38991
38948
38942
38934
38919
38869
38799
38794
38687
38458
38332
38208
38202
38188
38151
38071
38036
37863
37724
37668
37562
37521
37506
37455
37448
37255
37169
36969
36703
36651
36599
36574
36570
36461
36350
36278
36242
36216
36128
36086
36062
35749
35689
35632
35532
35503
35329
35260
35250
35169
35047
35023
34986
34962
34905
34902
34805
34666
34652
34578
34531
34408
34378
34371
34283
33989
33938
33905
33895
33889
33865
33856
33782
33758
33743
33637
33564
33555
33553
33510
33388
33339
33325
33289
33244
33236
33215
33195
33171
33168
33142
33138
33112
33055
32894
32871
32823
32819
32801
32671
32658
32655
32632
32609
32560
32388
32377
32360
32269
32219
32173
32003
31810
31782
31768
31757
31575
31523
31515
31466
31350
31306
31255
31232
31097
30931
30858
30849
30827
30709
30609
30574
30531
30380
30000
29871
29748
29691
29665
29554
29551
29527
29514
29468
29439
29435
29427
29382
29341
29253
29102
29087
29074
28710
28635
28385
28317
28089
27982
27922
27921
27585
27561
27274
27216
27174
27122
27060
27050
26999
26837
26809
26781
26678
26585
26527
26429
26334
26128
25977
25926
25893
25736
25582
25265
25190
24744
24541
24507
24471
24291
24290
24182
24173
24164
24050
23966
23868
23769
23723
23607
23555
23439
23428
23380
23255
23171
23168
23045
22940
22811
22769
22747
22693
22572
22508
22431
22428
22390
22390
22359
22250
22025
22007
21994
21989
21974
21945
21803
21710
21675
21648
21582
21578
21537
21527
21452
21333
21315
21310
21213
21197
21142
21117
21101
21021
20957
20948
20944
20736
20659
20598
20595
20572
20472
20452
20450
20248
20244
20239
20232
19993
19880
19843
19760
19698
19674
19625
19619
19464
19226
19176
19061
18937
18809
18792
18776
18772
18743
18677
18584
18499
18482
18369
18334
18323
18236
17707
17633
17489
17435
17278
17109
17087
17066
17015
16970
16951
16929
16885
16848
16763
16750
16725
16675
16664
16648
16610
16556
16551
16529
16524
16458
16394
16367
16336
16275
16098
15939
15841
15699
15542
15497
15432
15337
15286
15072
15040
14966
14941
14755
14695
14571
14486
14440
14433
14403
14388
14263
14241
14219
14159
13976
13950
13918
13756
13717
13646
13623
13609
13591
13347
13256
13226
13209
13181
13158
13074
12993
12959
12880
12707
12689
12546
12331
12264
12185
12060
11975
11964
11442
11406
11320
11119
10970
10770
10659
10565
10490
10452
10383
10357
10313
10086
9993
9980
9887
9826
9677
9560
9454
9346
9156
9144
9046
8954
8821
8814
8801
8775
8756
8729
8536
8388
8386
8362
8338
8148
8131
8130
8092
8080
8066
7918
7850
7829
7758
7611
7423
7331
7269
7260
7191
6928
6920
6905
6873
6867
6841
6825
6685
6500
6492
6453
6272
6266
6263
6216
6129
5873
5851
5810
5770
5586
5563
5409
5275
5209
4977
4830
4812
4767
4721
4712
4440
4400
4007
3996
3943
3835
3405
3375
3346
3308
3262
3253
3144
3124
3008
3002
2948
2663
2609
2518
2435
2373
2229
2175
2141
2116
1918
1637
1601
1580
1512
1462
1456
1407
1376
1289
1272
1261
932
911
905
691
594
450
262
142
108
84
9
